0.16312050819396973
0.14413809776306152
0.18915939331054688
0.15342187881469727
0.21903133392333984
0.13374805450439453
0.12700343132019043
0.45404505729675293
0.17681670188903809
0.1646261215209961
0.17260980606079102
0.21625638008117676
0.19916057586669922
0.14518213272094727
0.13776683807373047
0.13005852699279785
0.18131256103515625
0.16600441932678223
0.1900491714477539
0.1578521728515625
0.13210797309875488
0.12872648239135742
0.11675310134887695
0.12790608406066895
0.19320988655090332
0.15778827667236328
0.16376614570617676
0.12594342231750488
0.13689732551574707
0.13447952270507812
0.1852855682373047
0.14132976531982422
0.1815478801727295
0.16475391387939453
0.12967348098754883
0.1429309844970703
0.12263226509094238
0.13832330703735352
0.1892099380493164
0.16010308265686035
0.13338017463684082
0.13703227043151855
0.146514892578125
0.16168832778930664
0.16052508354187012
0.1511845588684082
0.14060425758361816
0.2025301456451416
0.17579197883605957
0.15830349922180176
0.23511171340942383
0.16717314720153809
0.23206830024719238
0.12485837936401367
0.16043305397033691
0.1946544647216797
0.16811633110046387
0.13886475563049316
0.17554521560668945
0.17522287368774414
0.18863749504089355
0.14044785499572754
0.19509387016296387
0.13864445686340332
0.12624120712280273
0.16549181938171387
0.22992515563964844
0.1971890926361084
0.1607065200805664
0.15907835960388184
0.2000739574432373
0.1903233528137207
0.19709396362304688
0.3731675148010254
0.13819646835327148
0.14978480339050293
0.14440155029296875
0.13108110427856445
0.13752222061157227
0.1501781940460205
0.12909412384033203
0.14866876602172852
0.15558886528015137
0.231095552444458
0.1860942840576172
0.12416219711303711
0.16122889518737793
0.16906452178955078
0.24022221565246582
0.14875578880310059
0.13363170623779297
0.3450155258178711
0.17438721656799316
0.147369384765625
0.22593235969543457
0.20414257049560547
0.18326997756958008
0.6030409336090088
0.13757038116455078
0.14353251457214355
