0.22431278228759766
0.11482024192810059
0.14213037490844727
0.19722533226013184
0.1402299404144287
0.1665477752685547
0.13291025161743164
0.1685340404510498
0.15410709381103516
0.19518136978149414
0.158294677734375
0.14693236351013184
0.12671351432800293
1.1750845909118652
0.19556045532226562
0.24243617057800293
0.2401580810546875
0.1546461582183838
0.166886568069458
0.149627685546875
0.14494109153747559
0.12868142127990723
0.16291093826293945
0.14606380462646484
0.17331433296203613
0.5858309268951416
0.19529318809509277
0.28375840187072754
0.1894831657409668
0.1591053009033203
0.1239471435546875
0.15695929527282715
1.1695280075073242
0.17295622825622559
0.14086031913757324
0.17290854454040527
0.2091691493988037
0.1226506233215332
0.1635448932647705
0.18864703178405762
0.12472128868103027
0.14239931106567383
0.19310569763183594
0.17983627319335938
0.12758469581604004
0.12910842895507812
0.1447446346282959
0.13872647285461426
0.1397411823272705
0.12872076034545898
0.2132558822631836
0.14215731620788574
0.12928223609924316
0.17052459716796875
0.20362639427185059
0.1448841094970703
0.12653422355651855
0.13632798194885254
0.1712491512298584
0.19568181037902832
0.12932443618774414
0.11407041549682617
0.15720033645629883
0.15368318557739258
0.15900921821594238
0.15030813217163086
0.17157721519470215
0.18528223037719727
0.16283297538757324
0.16175007820129395
0.12925958633422852
0.13879036903381348
0.19479703903198242
0.14338326454162598
0.1727433204650879
0.12816739082336426
0.13034653663635254
0.12070059776306152
0.1409769058227539
0.1473228931427002
0.16690564155578613
0.14283156394958496
0.12649154663085938
0.11553668975830078
0.12242794036865234
0.14588284492492676
0.16934609413146973
0.13852548599243164
0.140106201171875
0.12859368324279785
0.14637303352355957
0.12692713737487793
0.14798378944396973
0.11353182792663574
0.14287924766540527
0.1467115879058838
0.13857293128967285
0.1358497142791748
0.15755844116210938
0.16826772689819336
