0.15422558784484863
0.19893264770507812
0.16607308387756348
0.1701643466949463
0.13191628456115723
0.7140505313873291
0.1171722412109375
0.13846564292907715
0.17721104621887207
0.17873716354370117
0.1766519546508789
0.2538416385650635
0.14341115951538086
0.12712883949279785
0.4644896984100342
0.14882898330688477
0.11998438835144043
0.18304681777954102
0.2373960018157959
0.12609434127807617
0.2157127857208252
1.1273176670074463
0.19368410110473633
0.2028653621673584
0.38660335540771484
0.21212339401245117
0.10281515121459961
0.1796889305114746
0.16701674461364746
0.148756742477417
0.1455068588256836
0.14632034301757812
0.22233057022094727
0.183579683303833
0.18384170532226562
0.24396109580993652
0.20568156242370605
0.12153053283691406
0.14203524589538574
0.15143585205078125
0.12396097183227539
0.1135110855102539
0.16829156875610352
0.11560940742492676
0.13657927513122559
0.13925743103027344
0.11424374580383301
0.3845489025115967
0.1520986557006836
0.11356091499328613
0.16047000885009766
0.1365528106689453
0.2143852710723877
0.13994383811950684
0.12038016319274902
0.15959572792053223
0.15150809288024902
0.1711750030517578
0.1425614356994629
0.463275671005249
0.1038656234741211
0.15375423431396484
0.12021040916442871
0.15469646453857422
0.20273685455322266
0.1534254550933838
0.1375436782836914
0.15538644790649414
0.13968968391418457
0.1273343563079834
0.1488487720489502
0.12494373321533203
0.16304683685302734
0.12202572822570801
0.13189291954040527
0.20074248313903809
0.1492176055908203
0.11786031723022461
0.17612838745117188
0.16908621788024902
0.13033223152160645
0.1343977451324463
0.3266725540161133
0.30310750007629395
0.12251162528991699
0.19616031646728516
0.22609710693359375
0.1419684886932373
0.13251376152038574
0.16802263259887695
0.13014459609985352
0.1289656162261963
0.13700604438781738
0.17807602882385254
0.1378169059753418
0.13441085815429688
0.48081088066101074
0.13013577461242676
0.13029026985168457
0.19833779335021973
