9.79318380355835
10.087812662124634
9.081954956054688
9.167452096939087
9.048373699188232
10.081660985946655
9.116178274154663
9.478489398956299
9.783267974853516
7.037200927734375
2.380040407180786
2.157104253768921
3.344715118408203
2.8119723796844482
2.803764581680298
2.9062509536743164
2.4913439750671387
2.524296522140503
2.3620190620422363
2.897082567214966
2.6196298599243164
2.4971399307250977
4.100488185882568
2.3948280811309814
3.292604684829712
2.4331493377685547
4.5813281536102295
3.0553507804870605
2.7889232635498047
2.448969841003418
2.3510067462921143
2.2795770168304443
2.618069648742676
2.464991331100464
2.3171181678771973
2.731724500656128
2.599565267562866
2.694754123687744
3.0090506076812744
3.068359375
2.660137414932251
2.445429563522339
2.5155060291290283
3.0370607376098633
2.52498722076416
2.6522879600524902
2.45524263381958
2.3222837448120117
2.5400800704956055
2.4693918228149414
2.648359537124634
2.3711211681365967
2.4859695434570312
2.6272261142730713
2.5007693767547607
2.295867919921875
2.4368741512298584
2.4628329277038574
2.529893159866333
2.843355894088745
2.4759879112243652
2.653249979019165
2.563392400741577
2.797104597091675
2.5678300857543945
2.434107780456543
2.314713478088379
2.931335210800171
2.4209625720977783
2.732828140258789
2.627654790878296
2.7801761627197266
2.306577205657959
2.3378636837005615
2.287248134613037
2.3160011768341064
2.4843087196350098
2.5013904571533203
2.361976146697998
2.3374879360198975
2.409733533859253
2.521397829055786
2.2098305225372314
2.4652819633483887
2.3829989433288574
2.3119356632232666
2.38973069190979
2.2525477409362793
2.284921646118164
2.4889237880706787
2.3419084548950195
2.4841911792755127
2.5258185863494873
2.5151705741882324
2.6543116569519043
2.7530360221862793
2.680819034576416
2.5589475631713867
2.617628335952759
2.5901687145233154
