9.506089210510254
9.81307578086853
8.405625820159912
8.826393604278564
8.78409743309021
9.680940628051758
8.656137228012085
9.076990604400635
9.279683589935303
6.527951955795288
2.1945080757141113
2.0087807178497314
3.1484625339508057
2.639622688293457
2.6788558959960938
2.746523380279541
2.3651747703552246
2.4126651287078857
2.243516206741333
2.7499492168426514
2.386760711669922
2.354034423828125
3.891069173812866
2.2566685676574707
3.084381341934204
2.265369415283203
4.468148231506348
2.920346260070801
2.647984027862549
2.3258144855499268
2.22857403755188
2.138345718383789
2.459686517715454
2.2123751640319824
2.2027955055236816
2.566171884536743
2.4669296741485596
2.5160677433013916
2.8711791038513184
2.921265125274658
2.4827144145965576
2.319946527481079
2.3961055278778076
2.840444564819336
2.3656163215637207
2.5049328804016113
2.3091232776641846
2.217463493347168
2.383127212524414
2.337245464324951
2.5066184997558594
2.2227346897125244
2.362961769104004
2.427184820175171
2.356548547744751
2.1698544025421143
2.328380584716797
2.321328639984131
2.4060075283050537
2.6779258251190186
2.3563637733459473
2.393540382385254
2.4365017414093018
2.635078191757202
2.440131902694702
2.324172019958496
2.1751270294189453
2.773958921432495
2.297813653945923
2.6050376892089844
2.45855975151062
2.648623466491699
2.1817715167999268
2.23103928565979
2.1363942623138428
2.197143316268921
2.3466389179229736
2.371265411376953
2.200540065765381
2.1555869579315186
2.244866371154785
2.3542628288269043
2.07965087890625
2.3136813640594482
2.2589361667633057
2.149057388305664
2.258739948272705
2.1344728469848633
2.1581501960754395
2.3357696533203125
2.1899619102478027
2.356956958770752
2.3740954399108887
2.3600668907165527
2.50654673576355
2.5923521518707275
2.561455488204956
2.4085044860839844
2.395122528076172
2.447481393814087
