2.7799978852272034e-05
2.6999972760677338e-05
2.6700086891651154e-05
2.7699978090822697e-05
2.729997504502535e-05
2.680008765310049e-05
2.7499976567924023e-05
2.71000899374485e-05
3.970006946474314e-05
2.6700086891651154e-05
2.719997428357601e-05
3.160000778734684e-05
3.9100064896047115e-05
2.5999965146183968e-05
2.629996743053198e-05
2.5799963623285294e-05
2.8699985705316067e-05
2.620008308440447e-05
2.6399968191981316e-05
2.5600078515708447e-05
3.7800054997205734e-05
2.580008003860712e-05
2.559996210038662e-05
2.629996743053198e-05
2.5999965146183968e-05
2.6000081561505795e-05
2.5999965146183968e-05
3.8400059565901756e-05
3.730005118995905e-05
2.6000081561505795e-05
3.890006337314844e-05
2.9099988751113415e-05
3.469991497695446e-05
2.6099965907633305e-05
2.6699970476329327e-05
2.589996438473463e-05
3.190001007169485e-05
3.450002986937761e-05
2.559996210038662e-05
2.5799963623285294e-05
2.6300083845853806e-05
2.5900080800056458e-05
2.5499961338937283e-05
2.6799971237778664e-05
2.5600078515708447e-05
2.859998494386673e-05
2.589996438473463e-05
2.6499968953430653e-05
3.060000017285347e-05
2.5799963623285294e-05
2.6000081561505795e-05
2.589996438473463e-05
3.920006565749645e-05
2.5900080800056458e-05
2.619996666908264e-05
2.6399968191981316e-05
2.610008232295513e-05
2.929999027401209e-05
2.5799963623285294e-05
3.160000778734684e-05
2.6300083845853806e-05
3.250001464039087e-05
2.5399960577487946e-05
3.0399998649954796e-05
2.5499961338937283e-05
2.6399968191981316e-05
2.559996210038662e-05
3.920006565749645e-05
2.9999995604157448e-05
3.070000093430281e-05
3.100000321865082e-05
2.5999965146183968e-05
3.8800062611699104e-05
2.8199981898069382e-05
2.5799963623285294e-05
3.9199949242174625e-05
2.5799963623285294e-05
2.5999965146183968e-05
2.6300083845853806e-05
2.5600078515708447e-05
4.970002919435501e-05
3.3100019209086895e-05
2.620008308440447e-05
2.6099965907633305e-05
2.619996666908264e-05
3.490003291517496e-05
2.5699962861835957e-05
3.23000131174922e-05
2.620008308440447e-05
2.6000081561505795e-05
2.5999965146183968e-05
2.6499968953430653e-05
2.629996743053198e-05
2.5799963623285294e-05
2.7699978090822697e-05
3.2400013878941536e-05
2.5999965146183968e-05
2.5799963623285294e-05
2.6099965907633305e-05
2.5900080800056458e-05
