6.4999330788850784e-06
3.700028173625469e-06
3.7999125197529793e-06
4.200031980872154e-06
3.900029696524143e-06
4.200031980872154e-06
3.5999109968543053e-06
4.300032742321491e-06
4.00003045797348e-06
4.900037311017513e-06
5.500041879713535e-06
5.200039595365524e-06
3.900029696524143e-06
4.200031980872154e-06
3.8000289350748062e-06
3.899913281202316e-06
4.200031980872154e-06
4.999921657145023e-06
3.700028173625469e-06
3.3999094739556313e-06
4.00003045797348e-06
4.300032742321491e-06
3.999914042651653e-06
3.700028173625469e-06
7.400056347250938e-06
4.00003045797348e-06
3.5999109968543053e-06
3.600027412176132e-06
3.3999094739556313e-06
3.900029696524143e-06
3.899913281202316e-06
3.700028173625469e-06
4.100031219422817e-06
4.09991480410099e-06
4.400033503770828e-06
5.300040356814861e-06
3.700028173625469e-06
3.700028173625469e-06
4.600035026669502e-06
3.5999109968543053e-06
4.400033503770828e-06
5.500041879713535e-06
4.499917849898338e-06
3.600027412176132e-06
3.700028173625469e-06
5.399924702942371e-06
3.600027412176132e-06
3.999914042651653e-06
3.700028173625469e-06
3.700028173625469e-06
3.500026650726795e-06
5.200039595365524e-06
4.200031980872154e-06
3.3999094739556313e-06
3.700028173625469e-06
3.600027412176132e-06
4.100031219422817e-06
4.599918611347675e-06
4.00003045797348e-06
3.900029696524143e-06
4.00003045797348e-06
4.100031219422817e-06
4.00003045797348e-06
4.500034265220165e-06
3.900029696524143e-06
3.700028173625469e-06
3.5999109968543053e-06
5.09992241859436e-06
4.100031219422817e-06
5.00003807246685e-06
4.199915565550327e-06
3.900029696524143e-06
5.09992241859436e-06
3.500026650726795e-06
3.400025889277458e-06
3.8000289350748062e-06
4.100031219422817e-06
3.600027412176132e-06
3.8000289350748062e-06
3.700028173625469e-06
4.900037311017513e-06
5.100038833916187e-06
4.00003045797348e-06
5.400041118264198e-06
5.299923941493034e-06
3.5999109968543053e-06
3.4999102354049683e-06
6.9999368861317635e-06
4.00003045797348e-06
3.8000289350748062e-06
4.400033503770828e-06
3.8000289350748062e-06
3.6999117583036423e-06
4.500034265220165e-06
4.00003045797348e-06
3.700028173625469e-06
5.700043402612209e-06
3.8000289350748062e-06
3.700028173625469e-06
4.200031980872154e-06
