0.0002720999764278531
0.00029440002981573343
0.0002617998979985714
0.0003228000132367015
0.0003890999360010028
0.0002695999573916197
0.0002618000144138932
0.00040030002128332853
0.0002579001011326909
0.00029440002981573343
0.00026269990485161543
0.00033320009242743254
0.0002503000432625413
0.0002562999725341797
0.0003750000614672899
0.00025509996339678764
0.000251100049354136
0.0002503999276086688
0.00025109993293881416
0.0002625999040901661
0.0002671999391168356
0.0002517999382689595
0.000300800078548491
0.0003236000193282962
0.0003003999590873718
0.00036280008498579264
0.0003003999590873718
0.0003035999834537506
0.00030449999030679464
0.0003092000260949135
0.00030770001467317343
0.00030399998649954796
0.00030369998421519995
0.0003241999074816704
0.0003092000260949135
0.000313500058837235
0.00031100003980100155
0.000310199917294085
0.0003046999918296933
0.00030259997583925724
0.0002506000455468893
0.0003272999310865998
0.00030310009606182575
0.000309299910441041
0.0003163999645039439
0.00040090002585202456
0.0002506000455468893
0.00025240005925297737
0.00029619992710649967
0.00025049992837011814
0.000251100049354136
0.00025130005087703466
0.0004099999787285924
0.0002562999725341797
0.0002500999253243208
0.0003790999762713909
0.0002522000577300787
0.000251400051638484
0.00030419998802244663
0.00025400007143616676
0.00025500007905066013
0.000250800047069788
0.000255199964158237
0.00025809998624026775
0.000367300002835691
0.00025070004630833864
0.0002590001095086336
0.0002501000417396426
0.0002509000478312373
0.0002503999276086688
0.00025539996568113565
0.0002516999375075102
0.000340400030836463
0.0002764000091701746
0.0002527000615373254
0.0002516000531613827
0.000256099971011281
0.00025150005239993334
0.00025159993674606085
0.000251100049354136
0.00037620007060468197
0.00028719997499138117
0.00025809998624026775
0.0003749999450519681
0.00024960003793239594
0.00034009991213679314
0.00025219994131475687
0.0002737001050263643
0.00025949999690055847
0.00025289994664490223
0.00025669997557997704
0.00025770009960979223
0.00024990004021674395
0.00041420001070946455
0.00031070003751665354
0.00033109996002167463
0.0002642999170348048
0.00038410001434385777
0.00025589996948838234
0.0002579999854788184
